$ 3 0.000005 10.20027730826997 50 5 43
R 232 96 232 72 0 0 40 5 0 0 0.5
r 232 96 232 136 0 100000
t 200 152 232 152 0 1 0.3499477422475604 0.5181563793845109 100
w 232 168 248 168 0
w 248 168 264 168 0
r 248 168 248 224 0 100000
g 184 232 184 240 0
w 184 216 184 136 0
w 184 136 232 136 0
w 200 152 152 152 0
t 288 152 264 152 0 1 0.00006650082938337578 0.16815637938451092 100
g 288 152 288 160 0
r 264 136 264 80 0 1000000
g 264 80 264 72 0
R 152 152 136 152 0 0 40 0.35 0 0 0.5
g 376 160 376 176 0
r 416 120 376 120 0 33000
w 376 120 376 144 0
w 416 120 416 152 0
w 304 136 264 136 0
w 304 152 304 168 0
w 304 168 344 168 0
w 344 168 344 144 0
r 344 144 376 144 0 1000
O 416 152 456 152 0
a 184 224 248 224 8 15 -15 1000000 0.000052257752439551155 0 100000
a 376 152 416 152 8 15 -15 1000000 -2.1937595463513956e-8 0 100000
a 304 144 344 144 9 15 -15 1000000 -0.00006650016438173197 -0.00006650082938337578 100000
o 12 1 0 4098 0.000152587890625 0.1 0 2 12 3
o 24 1 0 4098 0.01953125 0.1 1 1
38 14 0 1 0 Voltage
