$ 1 0.000005 10.20027730826997 50 5 43
a 160 240 256 240 8 15 -15 1000000 0.00008799434981112631 0 100000
r 160 176 112 176 0 1000000
w 160 176 160 224 0
g 160 256 144 256 0
c 256 240 256 176 0 1e-10 -8.799522975462442
w 256 176 160 176 0
R 112 176 96 176 0 0 40 15 0 0 0.5
r 256 240 336 240 0 2200
w 336 240 336 176 0
t 320 128 320 176 1 1 -0.14228654676854666 0.48693811056048425 100
t 352 160 352 176 0 1 0.00007323930823589802 0.6291366629792198 100
g 352 160 352 144 0
w 304 176 256 176 0
a 368 224 448 224 8 15 -15 1000000 -0.00007323930823589802 0 100000
w 368 208 368 176 0
r 368 176 448 176 0 2000
w 448 224 448 176 0
g 368 240 368 256 0
a 240 128 320 128 8 15 -15 1000000 0.0000014219855241873551 0 100000
r 320 80 240 80 0 1800
r 240 80 176 80 0 100000
w 320 128 320 80 0
w 240 112 240 80 0
g 240 144 224 144 0
R 176 80 160 80 0 0 40 7.9 0 0 0.5
o 16 1 0 4098 20 0.1 0 2 16 3
38 24 0 -2 8 Voltage
