$ 3 0.000005 10.20027730826997 50 5 43
R 232 96 232 72 0 0 40 5 0 0 0.5
r 232 96 232 136 0 1000
t 200 152 232 152 0 1 0.23994552390946436 0.6371914751586886 100
w 232 168 248 168 0
w 248 168 264 168 0
r 248 168 248 224 0 1000
a 184 224 248 224 8 15 -15 1000000 0.00005447609053563278 0 100000
g 184 232 184 240 0
w 184 216 184 136 0
w 184 136 232 136 0
w 200 152 152 152 0
t 288 152 264 152 0 1 0.046684029874220816 0.3971914751586886 100
g 288 152 288 160 0
r 264 136 264 80 0 100000
g 264 80 264 72 0
R 152 152 136 152 0 0 40 0.24 0 0 0.5
a 376 152 416 152 8 15 -15 1000000 -0.000009334752309733041 0 100000
g 376 160 376 176 0
r 416 120 376 120 0 20000
w 376 120 376 144 0
w 416 120 416 152 0
a 304 144 344 144 9 15 -15 1000000 -0.04668356303859043 -0.046684029874220816 100000
w 304 136 264 136 0
w 304 152 304 168 0
w 304 168 344 168 0
w 344 168 344 144 0
r 344 144 376 144 0 1000
O 416 152 456 152 0
o 13 1 0 4098 0.078125 0.1 0 2 13 3
o 27 1 0 4098 1.25 0.1 1 1
38 15 0 1 0 Voltage
