$ 1 0.000015625 58.69854309417089 75 5 50
a 256 336 352 336 8 5 0 1000000 -0.000024651421303339757 0 100000
a 448 352 544 352 8 5 0 1000000 2.465142130333976 1.6666400499306528 100000
w 352 336 384 336 0
w 384 336 448 336 0
w 448 368 448 400 0
w 544 352 544 400 0
r 448 400 544 400 0 100000
r 448 400 448 464 0 100000
g 448 464 448 480 0
r 256 352 256 416 0 49900
g 256 416 256 432 0
w 256 320 256 272 0
w 256 320 224 320 0
r 224 320 144 320 0 100000
w 144 320 144 336 0
w 144 336 144 352 0
r 144 352 240 352 0 49900
w 240 352 256 352 0
w 224 320 224 448 0
r 224 448 224 496 0 49900
g 224 528 224 544 0
f 272 512 224 512 0 1.5 0.02
w 272 512 544 512 0
w 544 512 544 400 0
c 256 272 352 272 0 8e-9 -2.465166781755279
w 352 272 352 336 0
w 448 368 448 304 0
r 448 304 448 256 0 100000
R 448 256 496 256 0 0 40 5 0 0 0.5
R 144 336 112 336 0 0 10 0 0 0 0.5
O 384 336 384 224 0
211 544 352 608 352 0 1 8000 1
o 29 64 0 4098 0.0000762939453125 0.00009765625 0 2 29 3 control
o 31 32 0 4106 0.00030517578125 0.00009765625 1 1
o 30 8 0 4098 5 0.00009765625 2 1
38 29 0 0 2 Voltage
