$ 3 0.000005 0.37936678946831775 75 5 50
a 104 192 160 192 10 5 -5 1000000 0.45001683068340753 0.45000000001237933 100000
c 104 160 160 160 0 1e-9 2.1330839335070233
w 160 160 160 192 0
w 104 160 104 176 0
r 104 208 104 248 0 56000
w 104 200 104 208 0
g 104 248 104 256 0
w 104 200 80 200 0
r 80 200 24 200 0 56000
w 104 176 88 176 0
w 88 176 88 224 0
w 104 176 104 184 0
r 80 176 24 176 0 100000
w 80 176 88 176 0
w 24 176 0 176 0
w 24 200 0 200 0
w 0 200 0 176 0
r 80 224 24 224 0 560
w 80 224 88 224 0
w 24 224 0 224 0
w 0 224 0 240 0
g 0 272 0 280 0
a 184 200 272 200 10 5 -5 1000000 -1.6830671028236157 -1.6666661183251108 100000
w 160 192 184 192 0
r 184 248 136 248 0 100000
r 184 248 248 248 0 100000
w 184 248 184 208 0
w 248 248 272 248 0
R 136 248 136 272 0 0 40 15 0 0 0.5
r 184 248 184 288 0 100000
w 272 200 272 248 0
w 64 328 272 328 0
w 272 328 272 248 0
172 0 176 -32 176 0 7 0.9 15 0 0 0.5 frequency
R 184 288 184 312 0 0 40 -15 0 0 0.5
a 160 152 208 152 10 15 -15 1000000 1.5546874999999957 -1.6830671028236157 100000
174 128 96 184 112 1 100000 0.9950000000000001 Resistance
w 160 112 160 144 0
g 128 96 120 96 0
R 240 96 272 96 0 0 40 5 0 0 0.5
w 208 152 224 152 0
r 192 96 240 96 0 220000
a 264 160 312 160 10 15 -15 1000000 -0.00001500015875871394 0 100000
g 264 168 256 168 0
r 224 152 264 152 0 1000000
r 264 136 312 136 0 100000
w 264 136 264 152 0
w 312 160 312 136 0
t 64 256 0 256 0 1 -5.450015175429193 -4.999998344801543 100
r 64 256 64 328 0 100000
o 2 2 0 4106 2.5 0.1 0 2 2 3
o 47 2 0 36866 5 0.1 1 2 47 3
