$ 3 0.000005 0.37936678946831775 75 5 50
a 40 184 96 184 10 5 -5 1000000 0.5000130971114638 0.5000000000000002 100000
c 40 152 96 152 0 1e-9 1.8097242434715712
w 96 152 96 184 0
w 40 152 40 168 0
r 40 200 40 240 0 51000
w 40 192 40 200 0
g 40 240 40 248 0
w 40 192 16 192 0
r 16 192 -40 192 0 51000
w 40 168 24 168 0
w 24 168 24 216 0
w 40 168 40 176 0
r 16 168 -40 168 0 100000
w 16 168 24 168 0
w -40 168 -64 168 0
w -40 192 -64 192 0
w -64 192 -64 168 0
r 16 216 -40 216 0 5100
w 16 216 24 216 0
w -40 216 -64 216 0
w -64 216 -64 232 0
g -64 264 -64 272 0
a 120 192 208 192 10 5 -5 1000000 -1.3097111463601074 -1.6666785639141956 100000
w 96 184 120 184 0
r 120 240 72 240 0 100000
r 120 240 184 240 0 100000
w 120 240 120 200 0
w 184 240 208 240 0
R 72 240 72 264 0 0 40 15 0 0 0.5
r 120 240 120 280 0 100000
w 208 192 208 240 0
w 0 320 208 320 0
w 208 320 208 240 0
172 -64 168 -96 168 0 7 1 10 0 0 0.5 frequency
R 120 280 120 304 0 0 40 -15 0 0 0.5
a 96 144 144 144 10 15 -15 1000000 0.0234375 -1.3097111463601074 100000
174 64 88 120 104 1 100000 0.005 Resistance
w 96 104 96 136 0
g 64 88 56 88 0
R 176 88 208 88 0 0 40 15 0 0 0.5
w 144 144 160 144 0
r 128 88 176 88 0 220000
a 216 136 264 136 10 15 -15 1000000 -0.000022058766531596604 0 100000
g 216 144 208 144 0
r 160 128 216 128 0 680000
r 216 112 264 112 0 100000
w 216 112 216 128 0
w 264 136 264 112 0
t 0 248 -64 248 0 1 -5.500048778243219 -5.000035681641755 100
r 0 248 0 320 0 100000
w 120 184 120 160 0
w 216 168 248 168 0
w 160 128 160 144 0
174 264 136 280 168 1 100000 0.5 Resistance
w 264 168 248 168 0
w 280 152 304 152 0
a 304 160 344 160 11 15 -15 1000000 0.4480848210418131 0.4480893018900235 100000
w 344 160 344 184 0
w 344 184 304 184 0
w 304 184 304 168 0
a 176 168 216 168 11 15 -15 1000000 -1.3096980493796135 -1.3097111463601074 100000
w 176 176 176 184 0
w 176 184 216 184 0
w 216 184 216 168 0
w 176 160 120 160 0
o 2 2 0 4106 2.5 0.1 0 2 2 3
o 47 2 0 36866 5 0.1 1 2 47 3
o 57 2 0 4098 2.5 0.1 2 2 57 3
