$ 1 0.000005 3.7524723159601 50 5 50
t 256 192 304 192 0 -1 17.88064258149153 -0.11935694191918422 100
t 352 192 320 192 0 -1 17.880617277027252 -0.11938227418117186 100
w 320 176 304 176 0
w 352 192 352 224 0
w 352 224 256 224 0
r 304 240 304 288 0 2700
r 304 176 304 128 0 22000
w 320 208 320 288 0
w 304 208 304 240 0
w 304 240 352 240 0
t 400 176 384 176 0 -1 0.6068225132967822 -0.05359507287462684 100
t 416 192 432 192 0 -1 -0.5888942614699157 -0.6068225132967822 100
w 400 176 432 176 0
w 416 192 384 192 0
r 432 176 432 128 0 68
w 384 160 384 128 0
r 384 192 384 288 0 22000
t 416 240 432 240 0 1 -17.928476647500794 2.7797710799859487e-8 100
c 432 224 400 224 0 2.1999999999999998e-11 17.928476647500794
w 400 224 368 224 0
w 368 224 368 240 0
w 352 240 368 240 0
w 368 240 416 240 0
w 384 288 320 288 0
w 320 288 304 288 0
w 384 288 432 288 0
w 432 288 432 256 0
w 432 128 384 128 0
w 384 128 304 128 0
w 432 288 480 288 0
w 432 128 480 128 0
w 432 224 432 208 0
R 480 128 496 128 0 0 40 9 0 0 0.5
R 480 288 496 288 0 0 40 -9 0 0 0.5
w 432 208 480 208 0
b 272 112 466 305 0
x 248 188 262 191 4 24 \p
x 250 240 257 243 4 24 -
o 34 64 0 4354 10 0.1 0 1
