$ 1 0.000005 5.934295036739208 50 5 50
t 144 144 192 144 0 1 -17.86282828163568 0.1371698195676938 200
t 240 144 208 144 0 1 -17.862827379917476 0.13717005138415672 200
w 208 128 208 112 0
r 208 112 208 64 0 33000
w 192 128 192 64 0
w 192 160 208 160 0
w 240 144 240 176 0
w 240 176 144 176 0
r 192 160 192 304 0 47000
t 256 112 288 112 0 -1 17.99999905834475 -6.69901742966772e-7 200
c 288 144 256 144 0 6.8e-11 -17.99999905834475
w 256 144 256 112 0
w 256 112 208 112 0
w 288 128 288 144 0
w 288 96 288 64 0
d 288 144 288 176 2 default
d 288 224 288 256 2 default
t 288 128 320 128 0 1 -17.999999728246493 -0.0124489518258315 40000
w 320 112 320 64 0
r 320 144 320 192 0 47
r 320 192 320 240 0 47
t 288 256 320 256 0 -1 1.8000179125010618e-10 -0.012449223393526054 40000
r 288 256 288 304 0 600
w 288 304 320 304 0
w 320 304 320 272 0
w 192 304 288 304 0
w 192 64 208 64 0
w 208 64 288 64 0
w 288 64 320 64 0
w 320 192 352 192 0
w 320 64 352 64 0
w 320 304 352 304 0
R 352 304 368 304 0 0 40 -9 0 0 0.5
R 352 64 368 64 0 0 40 9 0 0 0.5
d 288 176 288 224 2 default
b 160 48 343 328 0
x 139 139 146 142 4 24 -
x 136 198 150 201 4 24 \p
o 29 16 0 4354 10 0.1 0 1
