$ 1 0.000005 3.1763992386181834 50 5 50
t 176 192 208 192 0 -1 16.987873634527062 -0.13716968852359734 200
t 256 192 224 192 0 -1 17.153296299927888 -0.1371699827801205 200
t 224 160 208 160 0 -1 -0.5649270128872006 -0.5828552664161064 200
w 224 176 208 176 0
t 208 144 272 144 0 -1 0.5828552664161064 -0.5543085978416187 200
w 272 160 224 160 0
r 208 144 208 96 0 1800
w 272 128 272 96 0
w 256 192 256 224 0
w 256 224 176 224 0
t 224 272 256 272 0 1 0 0.13729686592146528 200
t 224 272 192 272 0 1 -0.16542295965734865 0.13729686592146528 200
w 208 208 208 240 0
w 224 208 224 256 0
w 224 272 224 256 0
w 208 240 192 240 0
w 192 240 192 256 0
w 224 256 256 256 0
w 208 240 288 240 0
r 272 160 272 304 0 22000
c 288 208 320 208 0 6.8e-11 -17.120040017631144
w 288 240 288 208 0
r 320 144 320 96 0 68
w 320 224 320 208 0
w 320 208 384 208 0
w 320 176 320 208 0
w 320 96 272 96 0
w 272 96 208 96 0
w 192 288 192 304 0
w 256 288 256 304 0
w 320 256 320 304 0
w 320 304 272 304 0
w 272 304 256 304 0
w 256 304 192 304 0
w 320 304 368 304 0
w 320 96 368 96 0
R 368 96 384 96 0 0 40 9 0 0 0.5
R 368 304 384 304 0 0 40 -9 0 0 0.5
400 272 160 320 160 1 0\s-1\s-0.559923707467683\s-0.5599237197030957\s100 0\s-1\s1.223541268302597e-8\s-0.5599249432146607\s100 -1
t 288 240 320 240 0 1 -17.120040017631144 0.30271982557881394 200
b 352 320 166 80 0
w 176 192 144 192 0
w 176 224 144 224 0
x 142 248 149 251 4 24 -
x 138 188 152 191 4 24 \p
o 24 8 0 4354 10 0.1 0 1
