$ 1 0.000005 10.20027730826997 50 5 50
t 320 128 288 128 0 -1 0 -0.13734033779261523 200000
t 320 128 352 128 0 -1 0.010586606148843103 -0.13734033779261523 200
w 320 128 320 160 0
w 320 160 288 160 0
w 288 160 288 144 0
t 224 192 320 192 0 1 -17.70756141774381 0.13716998362383315 200
t 368 192 352 192 0 1 -17.696974813506678 0.13716998171212324 200
w 320 160 320 176 0
w 352 176 352 144 0
w 352 208 320 208 0
t 304 224 320 224 0 1 0.5218354216900991 0.5397636825298395 200
t 288 224 256 224 0 1 0 0.5397636825298395 200
r 256 208 256 96 0 100000
w 288 112 288 96 0
w 352 112 352 96 0
w 368 192 400 192 0
w 352 144 400 144 0
w 304 224 288 224 0
w 288 224 288 208 0
w 288 208 256 208 0
w 256 240 256 256 0
w 320 240 320 256 0
w 352 96 288 96 0
w 288 96 256 96 0
w 256 256 320 256 0
w 320 256 400 256 0
w 352 96 400 96 0
R 400 256 416 256 0 0 40 -9 0 0 0.5
R 400 96 416 96 0 0 40 9 0 0 0.5
b 240 80 388 280 0
x 217 190 231 193 4 24 \p
x 392 135 425 138 4 24 out
x 398 189 405 192 4 24 -
o 16 16 0 4098 10 0.1 0 1
