$ 1 0.000015625 1.4391916095149892 50 5 50
c 192 192 144 192 0 1e-7 0.19570964314403416
R 144 192 112 192 0 2 100 1 0 0 0.5
r 192 192 192 240 0 1000000
j 192 192 240 192 32 -4 0.00125
R 240 144 240 128 0 0 40 5 0 0 0.5
w 240 144 240 176 0
r 240 208 240 272 0 5000
c 240 208 288 208 0 0.000009999999999999999 2.5845543171386946
w 288 208 320 208 0
R 240 272 240 288 0 0 40 -5 0 0 0.5
r 320 208 320 272 0 100000
g 320 272 320 288 0
211 320 208 384 208 0 1 8000 1
g 192 240 192 256 0
o 8 32 0 4354 2.5 0.1 0 2 8 3
o 10 32 0 5120 5 0.1 1 2 10 3
