$ 1 0.000005 10.20027730826997 50 5 43
v 176 320 176 128 0 0 40 5 0 0 0.5
f 288 176 320 176 32 1.5 0.02
f 400 176 432 176 32 1.5 0.02
f 400 272 432 272 32 1.5 0.02
f 288 272 320 272 32 1.5 0.02
w 320 256 320 208 0
w 320 160 320 128 0
w 320 128 432 128 0
w 432 128 432 160 0
w 432 208 432 256 0
w 432 288 432 320 0
w 176 320 320 320 0
w 320 288 320 320 0
w 320 320 432 320 0
w 320 192 320 208 0
w 432 208 432 192 0
R 288 176 224 176 0 2 40 5 0 0 0.5
R 288 272 224 272 0 2 40 5 0 3.141592653589793 0.5
R 400 272 352 272 0 2 40 5 0 0 0.5
R 400 176 352 176 0 2 40 5 0 3.141592653589793 0.5
r 320 208 432 208 0 10000
r 320 128 176 128 0 100
o 20 1 0 4098 5 0.1 0 2 20 3
