$ 1 0.000005 6.450009306485578 50 5 50
R 144 192 128 192 0 2 1000 5 0 0 0.5
f 160 224 192 224 32 1.5 0.02
f 224 288 256 288 32 1.5 0.02
f 160 288 192 288 33 1.5 0.02
f 224 224 256 224 33 1.5 0.02
w 224 224 224 288 0
w 160 288 160 224 0
w 160 224 160 192 0
w 160 192 224 192 0
w 224 192 224 224 0
w 192 208 192 176 0
w 192 176 256 176 0
w 256 176 256 208 0
w 256 240 256 256 0
w 256 272 256 256 0
w 192 240 192 256 0
w 192 272 192 256 0
w 192 256 208 256 0
w 208 256 208 160 0
w 192 304 192 320 0
w 192 320 256 320 0
w 256 320 256 304 0
g 256 320 256 336 0
R 192 176 176 176 0 0 40 5 0 0 0.5
w 144 192 160 192 0
w 256 256 272 256 0
w 272 256 272 384 0
w 272 384 288 384 0
w 208 160 208 96 0
w 208 96 272 96 0
p 272 256 272 96 1 0
w 272 96 336 96 0
p 336 256 288 384 1 0
l 272 256 384 208 0 0.022 -0.02654527468724967
c 384 208 448 208 0 7.000000000000001e-7 -3.4545020829629575
g 448 208 464 208 0
l 384 208 400 96 0 0.022 -0.0006616320184703469
r 336 96 400 96 0 10000
o 0 8 0 4098 5 0.1 0 2 0 3
o 30 8 0 4354 10 0.1 1 1
o 32 8 0 4098 10 0.1 2 1
o 37 8 0 4098 40 0.1 3 2 37 3
o 36 8 7 4098 5 0.1 4 1 0.0006103515625
o 33 8 7 4098 10 0.1 5 1 0.3125
o 34 8 7 4098 20 0.1 6 1 0.625
o 37 8 7 4098 20 0.1 7 1 0.078125
38 0 0 1 1000 Voltage
