$ 3 0.000005 1.8479586061009856 48 5 50
w 520 168 520 216 0
w 440 168 440 200 0
a 440 216 520 216 8 15 -15 1000000 -0.00005022710857523939 0 100000
c 440 168 520 168 0 0.0000057999999999999995 -5.022761084632514
r 400 200 440 200 0 1000
a 208 200 280 200 8 15 -15 1000000 2.5113547333571087 2.5113554287619695 100000
r 208 152 280 152 0 100
r 208 184 160 184 0 100
r 208 216 160 216 0 100
r 208 216 208 264 0 100
w 208 184 208 152 0
w 280 152 280 200 0
g 208 264 208 280 0
w 160 296 160 216 0
g 440 232 440 256 0
w 520 216 520 296 0
w 520 296 160 296 0
R 160 184 128 184 0 1 40 5 0 0 0.5
a 344 200 400 200 10 15 -15 1000000 0 2.5 100000
R 344 208 344 240 0 0 40 2.5 0 0 0.5
183 280 200 328 200 0 0.5 -0.1 0.1 5 0
w 328 200 328 192 0
w 328 192 344 192 0
207 280 152 280 112 4 difference
207 520 296 520 328 4 decoded
207 344 192 344 152 4 encoded
w 400 200 400 120 0
l 400 120 456 120 0 0.022 -0.01969272601916225
l 456 120 512 120 0 0.022 -0.0000010166919119954872
r 512 120 512 80 0 1000000
g 512 80 512 72 0
c 456 120 456 72 0 0.000009999999999999999 -1.0167352698724447
g 392 72 376 72 0
w 392 72 456 72 0
o 17 16 0 4098 5 0.05 0 2 17 3
o 24 16 0 4098 10.200869587341785 0.0001 1 2 24 3
o 25 2 0 4106 5 0.00009765625 2 2 25 3
o 29 128 0 4362 20 0.1 3 2 29 3
