$ 1 0.000019999999999999998 1.5642631884188171 50 5 50
w -32 64 64 64 0
w 64 64 144 64 0
w 144 64 240 64 0
r -32 64 -32 192 0 330
r 64 64 64 192 0 680
r 144 64 144 192 0 680
r 240 64 240 192 0 320
c -32 192 64 192 0 0.000001 -1.0394820930436936
c 240 192 144 192 0 0.000001 0.6872798739299967
w 240 192 240 256 0
w 64 192 144 272 0
w 144 192 64 272 0
w -32 192 -32 256 0
R -32 64 -80 64 0 0 40 5 0 0 0.5
g -32 288 -32 320 0
g 240 288 240 320 0
x 15 228 35 231 4 16 C1
x 173 229 193 232 4 16 C2
x -59 276 -38 279 4 16 Q1
x 246 275 267 278 4 16 Q2
f 64 272 -32 272 32 1.5 0.02
f 144 272 240 272 32 1.5 0.02
r 144 272 144 320 0 560
r 64 272 64 320 0 560
g 64 320 64 336 0
g 144 320 144 336 0
f 352 176 400 176 32 1.5 0.02
f 352 224 400 224 32 1.5 0.02
c -32 192 352 176 0 1e-8 -1.0611978875033112
c 352 224 240 256 0 1e-11 -0.40054996880611626
w 400 160 400 64 0
w 400 64 240 64 0
w 400 208 400 192 0
g 400 240 400 256 0
c 400 192 464 192 0 0.000009999999999999999 -4.332778508020999
d 464 64 464 192 2 default
w 464 64 400 64 0
d 464 192 464 240 2 default
c 464 240 528 240 0 0.000009999999999999999 7.725732820263363
g 528 240 560 240 0
w 464 240 432 240 0
r 352 224 352 272 0 10000
g 352 272 352 288 0
o 6 4 0 4362 5 0.05 0 2 6 3
o 3 4 0 4362 5 0.05 1 2 3 3
o 40 4 0 4098 10 0.1 2 2 40 3
