$ 1 0.000005 2.3728258192205156 50 5 50
w 112 48 208 48 0
w 208 48 288 48 0
w 288 48 384 48 0
r 112 48 112 176 0 330
r 208 48 208 176 0 680
r 288 48 288 176 0 680
r 384 48 384 176 0 320
c 112 176 208 176 0 0.000001 -0.22895340656368074
c 384 176 288 176 0 0.000001 -0.2767965848485958
w 384 176 384 240 0
w 208 176 288 256 0
w 288 176 208 256 0
w 112 176 112 240 0
R 112 48 64 48 0 0 40 5 0 0 0.5
g 112 272 112 304 0
g 384 272 384 304 0
x 159 212 179 215 4 16 C1
x 317 213 337 216 4 16 C2
x 85 260 106 263 4 16 Q1
x 390 259 411 262 4 16 Q2
f 208 256 112 256 32 1.5 0.02
f 288 256 384 256 32 1.5 0.02
r 288 256 288 304 0 560
r 208 256 208 304 0 560
g 208 304 208 320 0
g 288 304 288 320 0
f 416 224 496 224 32 1.5 0.02
f 416 176 496 176 33 1.5 0.02
w 496 192 496 208 0
w 416 176 416 224 0
w 384 176 416 176 0
g 496 240 496 256 0
w 496 160 496 48 0
w 496 48 384 48 0
c 496 208 576 208 0 0.000009999999999999999 -4.5935577909499585
d 576 48 576 208 2 default
d 576 208 576 272 2 default
c 576 272 640 272 0 0.00009999999999999999 9.205907151895772
g 640 272 656 272 0
g 528 272 528 288 0
w 576 48 496 48 0
w 576 272 576 304 0
r 528 272 576 272 0 1000000
o 6 4 0 4362 5 0.05 0 2 6 3
o 3 4 0 4362 5 0.05 1 2 3 3
o 41 4 0 4098 10 0.1 2 2 41 3
