$ 1 0.000005 10.20027730826997 50 5 50
402 400 496 560 496 1 0\s0\s40\s-9\s0\s0\s0.5 0\s0\s40\s9\s0\s0\s0.5 0\s1\s-7.4187934428098385\s0.580119038434777\s100 0\s1\s-0.580119038434777\s0.5798642087966304\s100 0\s1\s0\s0.5798642087966304\s100 0\s1\s-7.730014421038643\s0.563824620236654\s100 0\s1\s-7.741809414242924\s0.5598929558351925\s100 0\s-1\s0.5638195491566966\s-0.5635647195267612\s100 0\s-1\s0\s-0.5635647195267612\s100 0\s-1\s15.745241604793001\s-0.5638195491566966\s100 0\s-1\s0.5598878847538442\s-0.5596330551267936\s100 0\s-1\s0\s-0.5596330551267936\s100 0\s-1\s8.294766369618898\s-0.5598878847538442\s100 0\s1\s0\s0.5635596484468035\s100 0\s1\s-0.5638144780767362\s0.5635596484468035\s100 0\s1\s-7.458338563976924\s0.5638144780767362\s100 0\s1\s0\s0.5600226040415775\s100 0\s1\s0\s0.563954268443039\s100
400 592 496 656 496 1 0\s1\s-9.414287309499535\s0.4879906767884018\s100 0\s1\s-9.902277986287938\s0.6073607691204202\s100 1
w 560 496 576 496 0
w 576 496 592 496 0
r 400 528 400 640 0 10000
R 400 640 352 640 0 4 40 1 0 0 0.5
r 400 528 256 528 0 470
r 400 464 256 464 0 470
w 256 464 256 528 0
g 256 528 256 544 0
w 400 496 384 496 0
r 384 496 384 352 0 15000
R 384 352 384 320 0 0 40 9 0 0 0.5
r 656 512 656 640 0 4700
R 656 640 656 672 0 0 40 -9 0 0 0.5
R 544 368 544 320 0 3 5 10 2.8 0 0.5
r 544 368 544 432 0 30000
R 656 352 656 320 0 0 40 9 0 0 0.5
w 656 352 656 480 0
w 544 432 544 464 1
r 592 496 592 560 0 10000
g 592 560 592 576 0
w 656 512 720 512 0
o 13 64 0 4098 20 0.0125 0 2 13 3
o 22 64 0 4098 2.5 0.1 1 2 22 3
