$ 1 0.000015625 1.4391916095149892 50 5 50
402 512 624 624 624 1 0\s0\s40\s-9\s0\s0\s0.5 0\s0\s40\s9\s0\s0\s0.5 0\s1\s-9.236340610104864\s-0.007611293642469263\s100 0\s1\s0.007611293642469263\s0.008564462175650433\s100 0\s1\s0\s0.008564462175650433\s100 0\s1\s-8.723714026174731\s-0.003402455396903925\s100 0\s1\s-8.723964402172731\s-0.0035764215610140926\s100 0\s-1\s0.013492457836413507\s-0.028902192747715105\s100 0\s-1\s0\s-0.028902192747715105\s100 0\s-1\s17.904864878659197\s-0.013492457836413507\s100 0\s-1\s0.01344844908966536\s-0.02886979166057202\s100 0\s-1\s0\s-0.02886979166057202\s100 0\s-1\s8.957681760714518\s-0.01344844908966536\s100 0\s1\s0\s0.03323436399658419\s100 0\s1\s-0.01950610676008857\s0.03323436399658419\s100 0\s1\s-8.947259527778571\s0.01950610676008857\s100 0\s1\s0\s0.5772557033393174\s100 0\s1\s0\s0.5774296695034276\s100
r 464 592 416 592 0 470
r 464 656 416 656 0 470
w 416 592 416 656 0
g 416 656 416 672 0
c 464 528 416 528 0 0.00001 0.23304729193366747
R 416 528 384 528 0 4 100 1 0 0 0.5
w 512 624 496 624 0
r 496 624 496 528 0 8200
R 496 528 496 496 0 0 40 9 0 0 0.5
r 608 592 608 528 0 1000
r 656 624 656 672 0 33000
g 656 672 656 688 0
r 464 592 464 528 0 27000
w 656 624 624 624 0
w 512 592 464 592 0
w 512 656 464 656 0
L 192 368 176 368 0 0 false 5 0
d 192 368 240 368 2 default
d 240 400 192 400 2 default
r 240 368 304 368 0 100000
r 240 400 304 400 0 100000
w 304 368 304 400 0
w 192 400 192 368 0
c 304 400 304 448 0 0.000009999999999999999 0.001047070865505944
g 304 448 304 464 0
a 384 384 464 384 8 15 -15 1000000 1.0470499245066886e-8 0 100000
g 384 400 384 432 0
r 384 368 304 368 0 1000000
r 384 336 464 336 0 1000000
w 384 336 384 368 0
w 464 336 464 384 0
a 528 432 608 432 8 15 -15 1000000 0.00008999046831596249 0 100000
g 528 448 528 464 0
r 608 384 528 384 0 68000
r 528 384 464 384 0 100000
r 528 416 464 416 0 68000
R 464 416 448 416 0 0 40 9 0 0 0.5
w 528 416 528 384 0
w 608 432 608 384 0
w 608 432 608 528 0
211 656 624 704 624 0 1 8000 1
o 11 32 0 4614 0.00007136238463529799 0.00009134385233318143 0 2 11 3
o 6 32 0 4614 1.1692013098647222 0.000045671926166590716 0 2 6 3
o 31 64 0 4098 0.01953125 0.1 1 2 31 3
o 39 64 0 4098 10 0.1 2 2 39 3
38 20 0 10 100000 Attack
38 21 0 10 100000 Decay
