$ 1 0.000005 2.1831051418620846 50 5 50
d 112 144 176 144 2 default
r 176 144 256 144 0 100000
r 176 176 256 176 0 100000
d 176 176 112 176 2 default
w 112 176 112 144 0
w 256 176 256 144 0
c 256 176 256 256 0 0.0000032999999999999997 0.19496237238759736
g 256 256 256 272 0
a 288 160 368 160 8 15 -15 1000000 0.19496042278336953 0.19496237238759736 100000
w 368 160 368 112 0
w 368 112 288 112 0
w 288 112 288 144 0
w 288 176 256 176 0
O 368 160 416 160 0
L 112 144 80 144 0 0 false 5 0
o 13 1 0 4098 1.25 0.1 0 1
38 1 0 1000 100000 Attack
38 2 0 1000 100000 Decay
