$ 1 0.000005 8.281975887399955 50 5 43
R 80 192 48 192 0 1 100 5 0 0 0.5
w 80 192 128 192 0
w 128 192 128 144 0
w 128 192 128 240 0
r 128 240 192 240 0 100000
r 128 144 208 144 0 100000
w 208 144 208 272 0
w 192 240 256 240 0
w 208 144 256 144 0
r 256 144 336 144 0 100000
w 336 144 336 192 0
a 256 192 336 192 8 15 -15 1000000 -0.006780727185163622 -0.006780474180123862 100000
w 256 176 256 144 0
w 256 240 256 208 0
w 256 240 256 272 0
r 256 240 336 240 0 100000
w 336 240 336 336 0
j 160 288 208 288 32 -4 0.00125
j 288 288 256 288 32 -4 0.00125
w 336 336 288 336 0
w 288 336 288 288 0
w 256 304 256 336 0
w 256 336 288 336 0
w 208 304 208 336 0
w 208 336 256 336 0
g 208 336 192 336 0
w 336 192 384 192 0
R 160 288 128 288 0 0 40 -0.03 0 0 0.5
o 26 16 0 4354 0.15625 0.1 0 2 26 3
38 27 0 0 -3 Voltage
